-0.426989797699399 -0.674040977007455 -0.601698481658567 -0.353498927018412 0.451570652689376 -0.975179328322301 0.532796052291162 -0.418884760085758 0.497162250821125 0.800645439727842
-0.427048680295991 -0.774914036569705 -0.744681678940035 -0.388967414666415 0.708120850339907 -0.85123145909381 0.650029532889163 -0.372383877357409 0.57936777071006 0.558238634321036
-0.306834697043801 -0.801097201190407 -0.727853122494782 -0.251554259335827 0.449055832872921 -0.847580184859646 0.711269901874492 -0.684770410660705 0.561321212009433 0.882362869792223
-0.403937730645853 -0.934368470379105 -0.725350418922652 -0.47741320185295 0.619553255988813 -0.814748324438337 0.851116552161081 -0.503685095906546 0.373022477814846 0.68026248991767
-0.203467252960325 -0.923080725163586 -0.731912452353314 -0.101928933295159 0.566493850312447 -1.00639775130244 0.683985590566515 -0.686630405169269 0.334382946478662 0.940592257823754
-0.3636378675322 -0.750930024872566 -0.650541639457915 -0.331084507206724 0.447524444852251 -1.13159951449624 0.822291035333689 -0.564907333935586 0.439414217455752 0.93852796425625
-0.425820838101268 -0.917886983386333 -0.66913910196373 -0.307269265013150 0.688147064627705 -1.09341723406758 0.602358810156883 -0.49459056393184 0.512301896248166 0.817113177990748
-0.561301124960025 -0.766865232274294 -0.751293121472557 -0.178950088016935 0.676355666264155 -0.878795291751679 0.736161721850338 -0.587767822413984 0.468654838681586 0.890684496951954
-0.330355800591321 -0.72308556660491 -0.643418459299072 -0.286522949829273 0.468862640644909 -0.933727051404889 0.864956766297658 -0.492249513471785 0.733126286092051 0.797559772585454
-0.47618488318882 -0.71132426406213 -0.577395631033126 -0.373414158485636 0.500868187255067 -1.06699216780917 0.759542098803573 -0.623550731399397 0.471139380811962 0.922315925607407
-0.43011708764808 -0.634074039136538 -0.627744003229907 -0.403770193735403 0.543796242689799 -1.09686233072122 0.816331606213597 -0.57361985845125 0.468304473047094 0.825520950455315
-0.492377240606792 -0.635764831831773 -0.801175782147512 -0.471210724681186 0.632188230896046 -0.826217239265633 0.867477875913581 -0.479611724097762 0.313647458214222 0.86864163669964
-0.320374196656802 -0.714637585006055 -0.787254331915846 -0.290566258300272 0.534053945343995 -0.81760446129036 0.719617324521342 -0.451747957155333 0.740594542239294 0.99434430453766
-0.312044607450388 -0.741455252931574 -0.65751073726166 -0.377095414755848 0.61201075212646 -1.00568330478664 0.727993966493414 -0.774971127405728 0.807248467702022 0.763340184292899
-0.473304724625052 -0.789005909316836 -0.430826719031880 -0.505156233469492 0.55637950098944 -0.94076465572768 0.926113211663672 -0.545501959728934 0.597908439096164 0.794185901772252
-0.456901778653083 -0.77535831639324 -0.619553570516677 -0.294369029381835 0.54313389720732 -1.00747931401773 0.751711794011551 -0.522941517518778 0.599137162785055 0.735536915505202
-0.30006591612268 -0.640992586616482 -0.542741588824666 -0.224174048948684 0.767657824466435 -0.986056182276474 0.738037437995658 -0.494742443085223 0.393758893358722 0.851420042222077
-0.396003684571976 -0.808790839443076 -0.610166578781818 -0.484764289056103 0.60840709598417 -1.00426229902017 0.992204258442678 -0.564870956182016 0.518775748203091 0.900659165033379
-0.38836822515995 -0.913939533987646 -0.855404132468296 -0.493110053895925 0.546707516535658 -1.08706277881083 0.664123665402725 -0.501505523327376 0.639664624618371 1.01814918098197
-0.392051658864025 -0.623928838088639 -0.776771186370476 -0.264341276017850 0.608812805963263 -0.85511333277632 0.542754690567253 -0.371387867508176 0.481908307127086 0.842146203927084
-0.335559587714741 -0.866343032098672 -0.713882912631759 -0.288868909254769 0.560870817185526 -1.04483471866298 0.728209579816112 -0.633092664650067 0.434856355429751 1.01579463334611
-0.276369926390155 -0.84005673238136 -0.659778989478505 -0.331330373854732 0.718998895267317 -0.979504738993452 0.656168015097488 -0.554045871481544 0.561533193936119 0.867214040035964
-0.423898883841985 -0.754460706024265 -0.677801736582347 -0.305864593229709 0.461461705376048 -1.11195672914624 0.828912317695899 -0.575248494479641 0.540673214815426 0.770347710178803
-0.500613794891526 -0.715462931316495 -0.605670604515762 -0.253292632826893 0.586916793322727 -0.862031911942744 0.829971523367911 -0.633815304678927 0.363677302161535 0.910584664476527
-0.411265121565675 -0.664047782321346 -0.763503397674996 -0.428516388205956 0.590639402029238 -0.914981440494736 0.823004470626367 -0.253023455064628 0.636494256182103 0.831284454926632
-0.505390126627506 -0.99699046970836 -0.532266235505899 -0.347299869669003 0.540024317684006 -0.93194251625213 0.806256030763608 -0.590509323132913 0.533623406822871 1.09443789226122
-0.616616865351504 -0.889304620459553 -0.640859485588837 -0.379731084056288 0.442000075976929 -0.871736863099825 0.777675090822702 -0.508844851294374 0.470001940837864 0.930734422756223
-0.383431019082228 -0.727004662665142 -0.707576583045361 -0.161962766885038 0.734206684219127 -1.04387439956768 0.65934266194642 -0.439286531493825 0.643843564251665 0.87770567016514
-0.433460118503292 -0.846333713628312 -0.658921819506044 -0.101055655612607 0.699691785186709 -1.04613319922802 0.785551385235279 -0.462837855064486 0.715394154762672 0.92532455392265
-0.231313242942562 -0.652102052491975 -0.734791812891721 -0.386248794753378 0.792092183013978 -0.89256922169264 0.869441705403769 -0.328983587770599 0.721373330300769 0.890232353761365
-0.243701801268870 -0.748500869019984 -0.637270386098509 -0.457797816825941 0.678074049187318 -0.922749094477493 0.857699787312614 -0.489408021601555 0.466842318103447 1.04308295527264
-0.405528538758279 -0.75708682672775 -0.768136469570324 -0.348930418044434 0.637131780003363 -0.76847844126355 0.595217091294491 -0.457834712358199 0.46199658204413 0.986737590889253
-0.485116639334053 -0.798904586758733 -0.659367316754792 -0.185588170143084 0.661638631841559 -0.926502499832228 0.817622081728926 -0.523777459286878 0.692962965295892 0.874165684098735
-0.456906313963321 -0.745242386220852 -0.581475800186157 -0.285473958522467 0.469135837747133 -1.02180561463828 0.653790847795904 -0.261344636951342 0.640006549997293 0.819475174466368
-0.49650004459532 -0.571586581253158 -0.695847079958843 -0.336873165405780 0.541669113050831 -0.98642330938295 0.516968885862921 -0.322324068038658 0.520246192419782 0.764621295060087
-0.599217384846507 -0.82689205043502 -0.647036723258217 -0.36071524038201 0.494312138740054 -0.87887617259539 0.71226548824899 -0.605317492046179 0.445885275122996 0.702756496493967
-0.355303965332200 -0.838364276472724 -0.720362445498341 -0.329925780206464 0.467076383260829 -1.00965653302267 0.688540435071343 -0.507522722401719 0.637263006840797 0.909185752180126
-0.576019964608153 -0.682364791135141 -0.706429963900414 -0.329302223929782 0.553779281075793 -0.92899111261911 0.804063248212891 -0.452917782539581 0.538034104713968 0.911128963282188
-0.517727424164896 -0.635764275864615 -0.724702736438293 -0.402285018087069 0.438736305798491 -0.909621884129991 0.605449493938951 -0.456487123659648 0.734643440230741 0.746151925993576
-0.216674006011562 -0.784470983623528 -0.532470226589526 -0.400312455342022 0.594111638658062 -1.05826006079139 0.829722409452692 -0.528903771621759 0.607315161081986 0.883207492125762
-0.302615549185025 -0.837900859413542 -0.635564637309109 -0.368209957573392 0.561102645943802 -0.820365161080071 0.706039945241581 -0.561832661310884 0.34363506308215 0.860687943109758
-0.32490270309506 -0.608287690099845 -0.702512887254259 -0.299116401831667 0.639351483580266 -0.859747295445944 0.846047411588628 -0.620788983458369 0.602739199989898 0.966502591658223
-0.320142468583715 -0.664917866922392 -0.621313361254131 -0.291177531784674 0.592600661795914 -1.00019142267157 0.916678203259288 -0.582424603017625 0.66003900188132 0.832320198948372
-0.527290768333752 -0.689599936562368 -0.642733602851001 -0.214455091189008 0.384654406804145 -0.877097206366406 0.884405162600934 -0.50223307803431 0.428939913979133 0.870734904319527
-0.325893979792112 -0.810181509372867 -0.567493028980335 -0.288247042273661 0.604419389950782 -0.908980060087586 0.750419877827685 -0.564724502103847 0.465281011470122 1.01091759359217
-0.307556393409522 -0.76234007595366 -0.782691824669936 -0.31299379665698 0.45976086308996 -0.96551411768864 0.65573859904081 -0.455075596466352 0.336635903680413 0.736879384514412
-0.480750913235765 -0.648454975547651 -0.544321245955113 -0.649637214666973 0.576156685648458 -0.905418174908596 0.731721612536732 -0.587323882823758 0.438781138432472 1.02052314846731
-0.340305284565387 -0.794894546530156 -0.394550224726176 -0.348870235401341 0.519762496756548 -0.925412527041654 0.75774721066602 -0.648010854530112 0.418339263467534 0.818316762128322
-0.391451213036689 -0.68774017472914 -0.655031356271785 -0.378655200743648 0.480549841661628 -0.690373200192634 0.895522520512861 -0.449043366951161 0.471280211907829 0.947091304748668
-0.324120904777511 -0.691275680666848 -0.607135803746162 -0.257772310506262 0.420261414512932 -0.933129462292542 0.678510682728257 -0.353394069419281 0.394990653488773 1.07842873596677
-0.499637490060692 -0.76301092408301 -0.679456378006346 -0.131442793249640 0.544768681634056 -0.988352031189542 0.70062204903179 -0.532275026283194 0.450066174354688 1.07162813568749
-0.459236899813344 -0.919158241307636 -0.593581194716105 -0.332769401042853 0.602324109856245 -1.03721560769124 0.799185928370417 -0.346087547626639 0.47403873046994 0.854532000652542
-0.294618124080572 -0.768764873617568 -0.6730088954916 -0.304253202080103 0.631730293096598 -0.993749523223304 0.802886425804908 -0.558519872190213 0.500387227346690 0.9835909126367
-0.3748524196428 -0.733010069288547 -0.583526730160362 -0.30405870624892 0.537631214358722 -1.00260394883944 0.573481279116139 -0.642501338901377 0.494533976055991 0.875404554507716
-0.25697286622034 -0.719780483044644 -0.694460274188556 -0.332763114279231 0.508157095146489 -0.84338032396021 0.860350194825375 -0.365755165902832 0.406123591320231 0.867657130135592
-0.434733472742159 -0.720928694504332 -0.654026938425945 -0.360457871710473 0.58983096737107 -1.03635908181997 0.641816644979425 -0.591628743096717 0.506581854321936 0.910465295955848
-0.371785070277791 -0.815499507400919 -0.618290929573895 -0.277801051479863 0.615801277486436 -0.817858065969106 0.865284112760353 -0.267950618732538 0.461396243911532 0.868598634421487
-0.390471016780536 -0.691148561580207 -0.631531999459809 -0.259941762342808 0.603205072482463 -1.05845773967494 0.799624380963267 -0.543587654762142 0.710255079214735 0.910570575575252
-0.492342277426142 -0.635179111404978 -0.82383574366862 -0.346322994487477 0.618934584412815 -0.961944697227183 0.822943466758329 -0.533148441709955 0.554323293706184 0.894121693948897
-0.537856158923878 -0.788850093811356 -0.631586122361447 -0.449829192563276 0.658995694781279 -0.988422558495889 0.657888030574658 -0.560084469087729 0.584010420260302 0.866018798150306
-0.446889272332907 -0.67213391329583 -0.61571908980247 -0.206136928886912 0.549283625997079 -0.739396235692688 0.662716508115119 -0.721504065131521 0.632525882813081 0.76127399715953
-0.344786071501159 -0.904691103501423 -0.539664569979654 -0.384330793216744 0.663450882776784 -0.968270095908183 0.74588963185988 -0.375437191084812 0.589720620442213 0.983035708420825
-0.445901225065945 -0.74881348204925 -0.599978886525893 -0.490089387139032 0.593039718756203 -0.91918651341214 0.82337576045244 -0.546566217482953 0.724304303254735 1.00815331408610
-0.409850923229798 -0.875677585956628 -0.586848256297662 -0.481565359883096 0.367556215636463 -1.02135094953533 0.933893104849502 -0.519489001000657 0.548844596801303 0.86614108442124
-0.485979235060127 -0.871827694153118 -0.711570502463688 -0.408236452625460 0.615012360680417 -0.912762533497128 0.701083939450153 -0.53183661335017 0.527948720463973 0.887042574817568
-0.301208052529657 -0.61838590165214 -0.668225271688867 -0.370657210969471 0.707582906753114 -0.982011984573644 0.560749596010261 -0.621646632687765 0.627244512661056 0.957444998745405
-0.146442827869045 -0.538822640216353 -0.781573702386211 -0.428224840719047 0.608422156192992 -1.00764271818056 0.845386625070777 -0.413985838176639 0.639378277095423 1.00832575395631
-0.378030413294373 -0.678538362821541 -0.751497045029687 -0.46110748731217 0.592506024828484 -0.974036213791993 0.605285268509364 -0.409395120997005 0.61226119456281 0.797849129914746
-0.386985098140659 -0.667496183802918 -0.701003169738844 -0.469446519777405 0.506597534746914 -1.02870561963785 0.899119145510913 -0.557538552704015 0.585590634367806 0.868432986634156
-0.404850095870815 -0.925124540877121 -0.948228866617215 -0.329578878137566 0.517627928938044 -0.74274540098661 0.791262629452897 -0.462536109698387 0.395298149606595 0.88407864960992
-0.312721239938974 -0.706628471795112 -0.553952084777902 -0.39693228377652 0.494466183472449 -0.952053110674238 0.661147486775698 -0.456794298063071 0.528797324951723 0.865844668783838
-0.457304338225734 -0.62735491628801 -0.577729633685272 -0.232307036067081 0.666715954981279 -1.07602413537673 0.74995702684703 -0.515514409424298 0.526139911957623 0.930137643916805
-0.173181220789503 -0.768742769595155 -0.553274960758698 -0.400202153982812 0.639997268785313 -0.977446871157131 0.94204223708367 -0.518585358724005 0.489834131301822 0.861123565013193
-0.424247239728796 -0.877556536042835 -0.606519084407113 -0.520591687274207 0.48659139956744 -0.761334523834605 0.773711527445471 -0.549129219874406 0.500121982986034 0.975893088446869
-0.403224720935532 -0.797969550510171 -0.603776720031769 -0.363065782805825 0.549466373638821 -0.925139034816681 0.733714234911396 -0.458334441296387 0.564731465412768 1.07188029604526
-0.387728267628447 -0.724313139363253 -0.571436502509606 -0.505027330675129 0.438534693797693 -0.981711692934796 0.709476348968449 -0.507238457739239 0.258755515844599 1.08516701096381
-0.480717179626049 -0.92550164241102 -0.678437156215461 -0.447094332515808 0.724023756437079 -1.18688849787270 0.85047349646239 -0.532239093194379 0.530916566687823 0.803370521269075
-0.339418332160772 -0.945958373369982 -0.677297224967588 -0.244744600438551 0.648099229246079 -0.810395040547032 0.8401002240471 -0.344131218401215 0.700406035545088 1.01212949052492
-0.451502317591343 -0.740914501216333 -0.560808056049798 -0.405024092379031 0.609716843019587 -0.872692705762829 0.734547592242772 -0.525599342867596 0.66258046767487 0.968200177021692
-0.299457423345204 -0.93643693205114 -0.62860728543047 -0.516394366500925 0.575206296145587 -0.932022701365597 0.776307201841716 -0.379733754394639 0.531485823560951 1.01171018612588
-0.56394310653216 -0.768983339562774 -0.866946678266354 -0.288330546357171 0.498292416209406 -0.775027089383715 0.851618953635009 -0.682872221090715 0.640189555012758 0.854622415161492
-0.416511160395002 -0.738147865065212 -0.588678710857938 -0.363202247337977 0.509476804357425 -1.00004886953481 0.833227485452776 -0.340330551593146 0.59527065091053 1.08275189897587
-0.437396184496333 -0.713628548037527 -0.531502271575107 -0.385637437961894 0.736849103185027 -0.936963990840023 0.612129908251116 -0.432698785571672 0.291669052797786 0.890984317490681
-0.357832061032577 -0.606947966360915 -0.603449182010044 0.0236546725218308 0.625147488376281 -0.859854327315796 0.68550049104048 -0.530708241987907 0.628637070512367 0.717325428888891
-0.24425664064321 -0.663243935590487 -0.658596848714307 -0.434604306976425 0.59612504213061 -1.05014137192251 0.812736241344032 -0.480171371265162 0.666531251774979 1.00836296346281
-0.497039008185232 -0.648219014339712 -0.668984432909087 -0.371646602979723 0.781324731841142 -1.05217123425229 0.870464956918376 -0.502967333645928 0.625355918809106 0.908549132373577
-0.554115533706018 -0.725970488920215 -0.576106366071758 -0.48093200022432 0.39431422639566 -1.02068638859047 0.83960077984184 -0.338441315712025 0.299294085051206 1.11996774202583
-0.357768485309338 -0.775586122554548 -0.814036477170487 -0.254599093185063 0.589131286026483 -0.839522808439076 0.591078036245829 -0.523080040921896 0.504053465091439 0.933693911957068
-0.460422939398017 -0.699169149993923 -0.581434967743245 -0.394625791034634 0.533699013960526 -1.20192152856851 0.801318659909193 -0.512808548818926 0.551244031334923 0.831793254152788
-0.228294665621275 -0.480466243938554 -0.522744623784321 -0.257345593504329 0.523663027599422 -0.88396481689305 0.88607114344631 -0.35908754800958 0.619536084619302 1.01436017043276
-0.451705554581054 -0.768059825766236 -0.526206655455035 -0.348294716517213 0.520880697619244 -1.01660914758296 0.78384564218269 -0.46183219346185 0.595088887477513 1.06083457943740
-0.299854306912371 -0.896192211266164 -0.57125150008856 -0.342953114383422 0.626063215350566 -1.10239622486087 0.878774623224105 -0.305907040773964 0.538603281993186 0.745414492297722
-0.349044900062272 -0.765748718672899 -0.536716891190583 -0.363416517370127 0.69330310551277 -1.03428008961935 0.94428864421698 -0.594767418504045 0.564178170186981 0.78168551197575
-0.398921548947539 -0.811650507676388 -0.603670162418292 -0.355454624384637 0.543660282214017 -1.0979258107851 0.796704895529373 -0.426107183519384 0.603878645250795 0.858790842638104
-0.327571169613376 -0.727214245975432 -0.651690954746102 -0.244208751359799 0.618161877452149 -0.993859272831183 0.84002819224539 -0.428648451436747 0.430502085800887 0.851829883191988
-0.361917810090599 -0.686123591643479 -0.701263334754854 -0.328372312385498 0.506644143128702 -0.934546465512778 0.762017605209234 -0.532495904295817 0.548666762550017 0.614401582148966
-0.554536434734243 -0.747271847633823 -0.71720901232531 -0.387966884724134 0.503028209069403 -1.00767690355946 0.783637054912416 -0.531818768144708 0.446974176823006 1.10028779401831
-0.413125477359132 -0.678173405354942 -0.73283497467183 -0.160272495614769 0.651268651054066 -0.983595007978962 0.803328841114906 -0.261082703250895 0.645868502134613 0.884724565826161
-0.281954520933124 -0.754189200200162 -0.633496905754309 -0.256435326352875 0.639463146503212 -1.00166683615161 0.678485458807005 -0.481217013590779 0.606087133918215 0.785476534202342
-0.521839883108078 -0.551573215591491 -0.572412792417084 -0.445758898583594 0.446553232678404 -1.09219086565801 0.584914697770291 -0.694192847863868 0.757420233950287 0.801629547869902
0.776072103776164 -0.793589088786742 0.163702378203441 0.976347502042577 -0.171647604433197 -0.82091006523367 -0.120631075570044 -0.719350786686315 0.567873712319662 -0.350616843769092
0.791593257552123 -1.03760875142187 0.084186996373649 0.777612772372473 -0.125526275570729 -0.92885700818591 -0.372547463628525 -0.90046007656193 0.563343224848529 -0.348418849281562
0.791906773846852 -1.01868402662724 -0.00383123026116469 0.989868404128261 -0.300236220684969 -0.680075220309152 -0.49781629424706 -0.860781536378377 0.437592017651881 -0.243052468979752
0.810124697808357 -0.939088973192519 -0.00822997452099185 1.00940580646015 -0.305679321826172 -0.844788158910387 -0.313511578130481 -0.770052645417322 0.61970354421053 -0.409133472879158
0.763617608214703 -1.04217611725730 0.0292089596583715 0.745453610413322 -0.184511434237683 -0.513535913657242 -0.325898896642022 -0.703665432562738 0.431033728488378 -0.342107938048663
0.72891764964515 -1.04516958365569 -0.0837758969708318 0.77883024931538 -0.426667246968215 -0.779385071472858 -0.272864959383243 -0.804135339965816 0.487258676918309 -0.123460099301070
0.895108903971705 -1.08540586658732 0.0991326698980192 0.963676289143321 -0.342091853748474 -0.837876844204028 -0.259560581472883 -0.677179934770413 0.386884334466232 -0.587480251038888
0.667818774937406 -1.04059214216132 -0.0476052598167209 0.94066133082768 -0.138577518199597 -0.900814359777857 -0.416917992657262 -0.752333287859909 0.552268402636682 -0.327319514702434
0.732105267731624 -0.982518465775705 0.0651462416004019 0.869389803817287 -0.252715645101383 -0.726601653369862 -0.265893846239447 -0.72755455499008 0.465180796008573 -0.259895154592042
0.669310196488845 -0.934009611284032 0.0264667837058947 1.13480753056010 -0.256628602061691 -0.839788604883533 -0.174043644656070 -0.661870744650959 0.518144521777229 -0.534008267413492
0.848288380145034 -1.04942811526513 0.138596559690054 1.01176467903758 -0.293832788887301 -0.835288509664966 -0.259051078235539 -0.743778201210664 0.566859213709616 -0.465286157032009
0.870268538710686 -1.03330453664839 -0.111225195275971 0.766206951732354 -0.345590028590212 -0.798093032475156 -0.412651915549119 -0.694040737041152 0.59443775269383 -0.395332534552179
0.724322319669335 -0.949811884916766 0.154431488348788 0.755631739020798 -0.490553550969828 -0.749609006014626 -0.402614195284047 -0.816726653796056 0.625389782713719 -0.468409150307983
0.822624731462244 -0.956936081575872 0.136539699727377 0.874227295742956 -0.228100964732344 -0.704780769359375 -0.433308585834453 -0.646810853954094 0.5647567534978 -0.362777245761093
0.801262488711139 -0.994897001252822 0.183381809892132 1.04720465880215 -0.337913490318812 -0.554880768921703 -0.352484615301905 -0.696672337471522 0.45606160374543 -0.195524210829424
0.912142887786261 -0.944228228011465 0.218872156477378 0.862527932403232 -0.230771690748071 -0.748711436282094 -0.364326303897496 -0.782623623715266 0.532358436326182 -0.282057261102081
0.965299139492335 -1.06950853024699 -0.0391885944399157 0.714521783993523 -0.230587631900825 -0.665576456082339 -0.106926991121146 -0.837427964033226 0.515387544286666 -0.287355267538024
0.816615705319006 -1.00103267128928 0.139766871701324 0.911345030179835 -0.164364459505176 -0.774177120406176 -0.385027039323703 -0.636286393940023 0.508276041515798 -0.376062720567959
0.711381135725219 -0.992451059243914 0.191041518760566 1.07409844935871 -0.229558320131614 -0.801350234051567 -0.189111149031533 -0.846330477979128 0.430632015413627 -0.353356522586087
0.740075733452753 -0.825980092201762 0.0434246795911539 0.75117163246786 -0.237173612148711 -0.788491808375259 -0.555391127665925 -0.844376222569633 0.660526608202897 -0.362712331462742
0.838049666589369 -1.07796749732743 0.312609129185564 0.903398359605789 -0.301559922194797 -0.78846419002953 -0.343102238632249 -0.66404454825204 0.481734859685009 -0.478680899389702
0.894505180007472 -1.00586681592871 -0.0926232263911475 1.09764103687981 -0.208410154627981 -0.829800959023905 -0.39531142313404 -0.706404932190629 0.423280458954907 -0.390758197642514
0.787120710324362 -1.19921003746300 -0.212463957781157 0.953998114795505 -0.391517669968041 -0.632148076195588 -0.322798046312635 -0.709286220864128 0.429185717955053 -0.394781092511589
0.916893503905489 -1.13469504389168 0.0334364213713256 0.942878160625087 -0.216478646894309 -0.770344848114367 -0.199003712546387 -0.699862561047542 0.590383910452343 -0.446926844586012
0.89330708043602 -1.03845827751245 -0.0495852100812931 0.97605399154739 -0.228514506013724 -0.995303129141795 -0.295278001144687 -0.55411992013891 0.39818439893169 -0.413311829470119
0.864394121553327 -0.924139004050613 0.108972243642374 0.911082287122096 -0.342441319229462 -0.875927079729138 -0.348222260099407 -0.802779824419475 0.511723118373365 -0.421464000472548
0.739024943572714 -1.08038625956498 0.0271143244242301 0.936368968059246 -0.15747492019913 -0.760712387192692 -0.404407309892728 -0.864048022179844 0.491750975852209 -0.307558561853289
0.800204300196421 -0.9210760636377 0.0184171103028345 0.89968267649777 -0.210992796167996 -0.60856219239932 -0.478576946227785 -0.759881364473762 0.413095305381635 -0.266150481742120
0.79999416654942 -0.88630599276433 0.0458551557729944 0.908307861913011 -0.225361656631576 -0.691042136968215 -0.291066125258329 -0.748712351038385 0.469523557447499 -0.290336095142123
0.818919850179196 -0.85688920686494 0.105335308472764 0.916398086487869 -0.267456040650161 -1.00638425384259 -0.292375466531995 -0.604413160559098 0.416088374215651 -0.483203310122108
1.00430646143101 -1.00666484975177 0.135830098828352 0.991649743743749 -0.293942223265239 -0.727355270385043 -0.179311150338190 -0.63034003577844 0.631633962328741 -0.306409845206731
0.693267907321704 -1.0588928043758 0.062516776786681 0.968056752288616 -0.376154115011595 -0.6863469742399 -0.276528043271465 -0.618824221837776 0.489735544916945 -0.237351817753907
0.966508275210497 -1.0381645858828 -0.080210341472031 0.879540162066434 -0.424775738109905 -0.9566109467266 -0.281783902470139 -0.69862521780806 0.677016801158704 -0.431410239830938
0.836162256397366 -1.12619818171401 0.109539025170025 0.77475531498027 -0.283251081106774 -0.708921446050969 -0.414800970569941 -0.668613092888024 0.519615804501125 -0.447072121323208
0.595220320130093 -0.986075605527665 0.00986483856208466 0.927235657751475 -0.256519478261811 -0.692230344104244 -0.503506803950987 -0.672403189372806 0.484127214551234 -0.233435582943950
0.736502924829126 -0.988877978684566 0.0102382773173096 1.08461746389494 -0.244298413523675 -0.869123085440313 -0.247321714222532 -0.806188887423486 0.283148874530274 -0.392101455914429
0.696486376272321 -0.84211219726076 0.0504905195022157 0.769404962059008 -0.232741657632583 -0.781299613241852 -0.363306872167345 -0.578793058588537 0.4450444446117 -0.384714201567821
0.641466075492243 -0.993541628754114 0.150874520433257 0.857021396974581 -0.210023663267842 -0.847118240198766 -0.252263675387779 -0.810298789226073 0.578489991716939 -0.351558234514063
0.904575001851638 -0.935645355774195 0.142583606454983 0.84721531218895 -0.213386804560041 -0.733104293755364 -0.358022945218900 -0.616850165409813 0.471516542766021 -0.531050192906348
0.84180153019885 -0.880256028105773 0.274279057300109 0.917201652117151 -0.163756568435004 -0.728063461523518 -0.249372614100225 -0.690886311129305 0.469746583423828 -0.477456161741856
0.765139841981683 -1.15418930465772 0.109445642301737 0.884294596686365 -0.304839391549248 -0.800339905794959 -0.446127556383092 -0.674249553905386 0.408202727591966 -0.398622053966353
1.00698270054833 -0.922512782612511 -0.0473891514946586 0.905497641644876 -0.269644428542777 -0.688778885777386 -0.379592749274326 -0.824772873341504 0.523735218788377 -0.317444295796832
0.707941318256896 -0.88528598589101 0.0287890817749106 0.97186115802128 -0.275731053094408 -0.807065454369957 -0.290558294232500 -0.626435946025053 0.54913936195184 -0.450854663949304
0.704901500009159 -1.09815453049555 0.108166794883581 0.911595837137584 -0.136266774215974 -0.805499529103066 -0.227418038191746 -0.772677850870592 0.775222257373944 -0.476475179035196
0.781809801298422 -0.869957727955226 0.258381165552792 0.789006031729286 -0.190662670730551 -0.789055985787772 -0.342065573120161 -0.666058416082329 0.411963354756905 -0.553311968757928
0.926355434277125 -0.977162920792996 -0.0716245910272649 1.04451247662370 -0.281301523379538 -0.775286503375338 -0.339411058926583 -0.772307234426724 0.535537816958486 -0.391277594866361
0.697116383200873 -0.898338701453965 -0.0779565987937389 0.834921111896163 -0.321708066571099 -0.78136020696026 -0.138886329684462 -0.617404595046021 0.406688675394006 -0.398146012908186
0.761610640058803 -1.00433339611647 0.0645239815703018 0.744424259555169 -0.262355226911231 -0.73651948975423 -0.165850790639830 -0.667709083444668 0.638969761035673 -0.358648170110034
0.768239942177952 -1.03624966027557 0.203686239916622 0.864626508623176 -0.241865737194238 -0.868395258854398 -0.467458235301247 -0.663456384120501 0.579754084829308 -0.381945906553226
0.80571610549415 -1.01849739330175 0.102219090535378 0.916079285289717 -0.190262520222348 -0.745878411605076 -0.291645850361824 -0.796789637116376 0.652062909631211 -0.606331772317818
0.754826632047772 -0.98061053703966 0.058522013800854 0.915778368599313 -0.251991882256899 -0.645219954783533 -0.205697338048918 -0.682271388691798 0.597633977886194 -0.465024014723041
0.841911556976861 -0.925398615410613 0.0692937590121339 0.879280171000354 -0.278987989876785 -0.713464917023565 -0.351443678100098 -0.767399486507478 0.426762587174151 -0.369470696612402
0.916943058918268 -0.954739259940966 0.194094445741915 0.778952320368529 -0.302236994975876 -0.757171882407504 -0.535757656849202 -0.733749921083423 0.609302346152822 -0.330009518345662
0.947987311429902 -0.91238299452006 0.0327143269273495 0.839296505804291 -0.299447819041530 -0.621874679401656 -0.353588700370873 -0.73783003922454 0.629219000105876 -0.535511177198817
0.914901145504314 -1.04143522760223 0.315388847387192 0.878597870757211 -0.399661911044148 -0.696419001682659 -0.180994398922191 -0.675874406620854 0.54065694711354 -0.442717253429869
0.797192960249584 -0.966619408090555 0.20555220086715 0.945672550875733 -0.318146403355302 -0.643002543486463 -0.362203650790911 -0.65542722852644 0.423258541590783 -0.175257895391599
0.883384696022163 -1.07678717541399 0.256061262304389 1.02421109294180 -0.323167782630808 -0.749860614713288 -0.197148323189829 -0.698811734788906 0.488648365292322 -0.438440845583228
0.867763743949477 -0.850532853616854 0.0717010584161006 0.869331038236089 -0.129970063597961 -0.693846867865545 -0.593554725360434 -0.703881986217163 0.510860370325481 -0.399763470128875
0.80454419106032 -0.861272473640005 0.0636601579415035 0.916953603681877 -0.211994668860822 -0.717997267620204 -0.267275092524496 -0.924113268606795 0.292123341702344 -0.452646771044759
1.07391906034058 -0.86811672764714 -0.118683678360612 0.743932967251058 -0.308478837850129 -0.795668709968484 -0.313318977350285 -0.638073414261788 0.534325380006837 -0.484459246898806
0.907877197198354 -0.98881964954992 0.124559811259469 0.876976897398576 -0.275801209572879 -0.648945220499595 -0.119251087822621 -0.693873135502294 0.460356602993545 -0.328211671796437
0.778015147493383 -1.00875054741438 0.0762448995034767 0.988870976658425 -0.327420729578555 -0.769171186007578 -0.406947761258771 -0.84335772588376 0.574961471524884 -0.277082355737753
0.720665784566056 -1.15670598709861 0.157687454026113 0.725523571293127 -0.330769460157723 -0.717698349482954 -0.344080679668473 -0.748091630559185 0.455154467433640 -0.486891382200744
0.656464221378403 -0.849969884477503 0.0470460298724659 0.885961215332949 -0.345508092501914 -0.688720472856983 -0.222242843775678 -0.725581510859802 0.554716130048687 -0.2249248133358
0.929043399149032 -0.90371546559504 -0.0759898790669321 0.754484964372651 -0.438072376766272 -0.764100692118279 -0.385160602487689 -0.85303683552119 0.490887836157214 -0.400403824581784
0.87188137212009 -1.06874557325210 0.045168186948607 0.864507712529605 -0.218508161163063 -0.607321820412966 -0.302986662977894 -0.875275697009237 0.606103231300127 -0.408776197624428
0.821275491064062 -1.05095038374732 0.0883798734776301 0.877372932425621 -0.161430749858799 -0.836333743753414 -0.276510905746372 -0.700840720891948 0.46112918223985 -0.295648441452931
0.631295203594341 -0.778589689325307 0.0515317966996186 0.787259853469135 -0.135378404969101 -0.85107004222624 -0.50003369494196 -0.598253364143874 0.534406864222381 -0.318407558605666
0.73840361535952 -0.991461875721066 0.0938615403739735 0.825496273858476 -0.255613117752347 -0.875893453660723 -0.238572211730019 -0.702345002305924 0.548104528607767 -0.506112149592808
0.866384056735455 -0.891451117586106 -0.0406896210128252 1.04158415765355 -0.389832502138959 -1.01727597550804 -0.370039980459147 -0.535688755489431 0.442271659810145 -0.270168788913795
1.01660271212466 -0.93494906276694 -0.0594069218829480 1.01794121148777 -0.302458744237422 -0.822255397229896 -0.158507541241053 -0.667663208885224 0.408916400486964 -0.437397054052157
0.936220550325827 -0.96243265454557 0.0438918651930457 0.938779773666414 -0.240213237735218 -0.672506439448608 -0.270559826741538 -0.826274285018384 0.647118968690582 -0.244783301074433
0.895049714878589 -1.04642577037501 0.181794641977005 0.840073342127058 -0.220741153300194 -0.826026481482244 -0.182063041849215 -0.794750853449067 0.603527867071241 -0.349818399677054
0.9323629203682 -0.967441663567396 0.0644572250224480 0.736906324458473 -0.25401699965633 -0.613208971018059 -0.354971719857741 -0.604826586601792 0.21967462698503 -0.330993486729154
0.76002993869829 -1.09353258796076 -0.0164359335636995 0.780001145784196 -0.258099311114464 -0.646000073374408 -0.481530198612762 -0.828494541485965 0.398338834242336 -0.255663634728057
0.765425858135034 -0.844446906767903 0.0457646946397803 0.909757104405754 -0.27380669259534 -0.673838558381527 -0.148568334756059 -0.657203141787844 0.457911643340326 -0.413258381372101
0.81527266765996 -0.983288564140066 0.109088469272247 0.939612534076781 -0.245957497692541 -0.567198274249632 -0.376349109296942 -0.647029054204327 0.423959568739981 -0.427619855564418
0.797167047010288 -0.929462070117693 0.228878174079732 0.870243249427488 -0.295228043357377 -0.801382672663796 -0.36482254545871 -0.422781383424963 0.594134806533613 -0.265119233135445
0.99866552612668 -1.06570422756297 -0.0154324592029313 0.896479745007845 -0.197198907345934 -0.885808304040517 -0.36447843808538 -0.815141368840138 0.534054013092246 -0.470042135357854
0.701237771064677 -0.925490986095342 0.0350132572825554 0.94373614161115 -0.17017593289088 -0.690119195953923 -0.351072552516242 -0.83873002173568 0.684558563799475 -0.346400092737920
1.07874012379997 -1.15968952142080 0.211591441440074 0.921543510775872 -0.331651782076861 -0.61313802734589 -0.524202391089152 -0.805066018055786 0.467739254013836 -0.502481435052216
0.774397188137127 -0.963274085110618 0.0430264787998273 0.846976305470111 -0.315115533174118 -0.95455902178983 -0.293720338295647 -0.782674900129317 0.489227814621585 -0.184394534442465
0.86146989827748 -1.13421832230283 0.116901091757861 0.858013400548053 -0.290853160589064 -0.682306184936557 -0.355517847098801 -0.564858916919631 0.456765383087274 -0.386796548886691
0.82010207046683 -0.889287759104915 0.0769728079067849 0.933718893291745 -0.229150622875990 -0.835103374877691 -0.464837345849952 -0.793701419419382 0.724484619748863 -0.302111558558645
0.81811585136765 -1.11566056816694 0.129840482793102 1.02538544134993 -0.217694839322761 -0.729725701206094 -0.322174306212298 -0.698119996460299 0.521907170097126 -0.285832257877226
0.867223109088508 -1.06864129364132 0.175559636024810 0.871222138167444 -0.0166207182452628 -0.869188838099136 -0.290376005478103 -0.702072947705977 0.361149276855511 -0.381285849395106
0.945059701006737 -1.14733782900995 0.0367275707951244 0.888410588949593 -0.298042821925749 -0.7139273225108 -0.156637444053107 -0.757710659618616 0.394870723268445 -0.160561893213322
0.76493821631272 -0.940475750745766 0.0953764531632094 0.930018703223224 -0.0770088062574143 -0.792747216298585 -0.322063132937016 -0.841998870880681 0.475015203464708 -0.493616245342847
0.900615657035173 -1.06531479511052 0.201583446140602 1.00830557900705 -0.106660090794130 -0.75309631328947 -0.301200108093808 -0.785486871165655 0.543946387507742 -0.30960007873212
0.888125856554444 -0.708001392074014 -0.0017934801330185 0.807109260853528 -0.449285296108757 -0.697053687632684 -0.246428314376891 -0.790153742541332 0.516575870240644 -0.481425212906768
0.885204771918717 -1.12671824708699 0.0502892491904347 0.854614369105833 -0.182108768471514 -0.788148724003125 -0.133026293020940 -0.734373386026306 0.550996758868949 -0.387992656134647
0.957962571060732 -0.986345987300998 0.0439298915131919 0.833937425765876 -0.470901465270563 -0.993928997706411 -0.361901419206066 -0.590387121750996 0.531042357106943 -0.342672838884032
0.90709635330128 -1.15706667380118 0.194704667965893 0.95927650258238 -0.406413702204972 -0.789240401723533 -0.155439894036135 -0.839427629115383 0.413118363159606 -0.454375313648303
0.926975761241596 -0.815569919796403 0.0380018261273172 0.844170148274438 -0.100914320737120 -0.577879601484812 -0.369866387134085 -0.673127484666913 0.368782819620948 -0.214600778800831
0.905148854666468 -1.02460391198116 -0.076248524746754 0.717059356244636 -0.206728225143958 -0.900258608391861 -0.265721965522952 -0.641094511224945 0.425148926636037 -0.471356353480024
0.667441236798797 -1.10050789638444 0.0938243750888012 0.92842802065448 -0.153083716804893 -0.795417953340026 -0.364575193377761 -0.684088749307249 0.479442617889864 -0.366464983815656
0.868362285850797 -0.9330596726117 0.229233337460033 0.972194274323153 -0.22157187571866 -0.752895310775948 -0.315909890359929 -0.753569942536242 0.514582266259217 -0.40029393711707
0.769181240718508 -0.958234228400338 0.0310535384169526 0.837692935440034 -0.366351541029426 -1.08577137426132 -0.34528775663243 -0.744979342474038 0.571784542208684 -0.506062085397096
0.998559950980863 -0.947397430996753 0.149140603749038 0.719130896345406 -0.390911291690057 -0.84725129341272 -0.233475040786472 -0.684908789371571 0.519004778733432 -0.319164187327297
0.913014453147273 -0.972150466329137 0.0204816132655095 0.834557102092647 -0.251501243268206 -0.615688196726774 -0.321946502885275 -0.765075662337453 0.583361807450857 -0.393095809996046
-0.480303227372313 -1.10575663237996 -2.21077407135703 -1.38372343293617 -0.845224285996963 2.76611719037108 -0.0548409463079345 -0.094791247655837 -0.27708217550047 0.198628311778586
-0.0967066032960654 0.762064451707353 -1.60312721655406 -1.22536902269134 -0.0189029751000818 2.11516499321013 1.46275327069645 -4.91202183358128 0.0132059220369178 -1.52364333609016
-2.64187887463047 1.50784174735661 -1.49720691678283 -2.33619376549022 -1.36580463710442 2.74769637790246 0.804431805696894 -3.11820993387054 -0.883563392371078 0.45373900125598
0.722651226001284 -0.348251465952854 -2.03631461715526 -0.671660735827966 -0.155936384605243 1.04992562427847 1.98447410991259 -1.42895221754277 -1.95822204729867 -0.845217641825539
-0.201550364170584 -1.64901302456300 -0.693663231267311 -1.92485656309075 -2.54187526382592 1.97158791230882 0.989227501478022 -2.0080707840142 0.986894490232998 -1.81484865638114
-0.842145217668845 -0.280126961455267 -1.08215033570646 -0.151951086092246 -0.416128135959534 1.88186644230911 -0.00687190678744332 -2.57449640454046 -0.566184941099138 -2.21303288749431
0.0225141822925249 0.509936599498367 -1.65726913296782 -0.531183755206232 0.0338847687390165 2.62988152678809 1.52046293830499 -1.83180754643104 -0.592830223556603 1.34025739428066
0.000155425653205005 1.26670822699681 -0.824177988758303 -0.846757470777126 -2.40603533495401 2.68532381932185 0.626742533865107 -0.886355519083633 -1.03456308469808 -1.59298467586677
-0.194629692746172 1.92362428409971 -0.0926045806796488 -1.42423844272259 -0.928283042261376 3.36869579719121 -0.13715961952703 -0.292550418705445 -0.752172478512184 -0.469840499942114
-1.87857958784984 1.47669806919666 -1.40745054820097 -1.34586620114487 -1.96296239383642 2.01499335778928 1.20544604282088 -2.98976032318508 -0.336248321647638 -0.7694149714662
-0.211938747760117 1.22596058101221 -2.48733347619070 -1.00606751745314 -1.13191957060949 2.60051251218284 1.05915742595081 -2.53309460131288 0.213344348720736 -0.560176876314364
0.529441519079118 -1.45555710452047 -2.13212730208043 -1.39221026266442 -0.995592437143544 1.02802567492346 1.65375553785858 -1.24511600297397 -0.655851400477808 -0.414940686160436
0.231573387991524 -0.849692261251262 -2.10927447553871 -1.6780989275829 -1.89899185782887 3.07566489539923 0.76389391860676 -1.59640956821518 -1.36911314093336 -0.637093664742382
0.594602316466409 0.129696555401608 -1.58021024876536 -0.922994989753714 -1.20858129506528 2.35158615955869 0.387578647685084 -0.12990527775884 -1.07164563014583 -1.29103339315636
-1.83933310653286 -1.36308152404108 0.177035421675804 1.41760875854341 -0.420277441988495 2.8938851955849 1.41588639861569 -0.676418119732286 -1.35634917551643 0.371657326286376
0.85455961777493 2.55251693294073 -0.90586073310343 -2.7053526084902 -1.49170832045193 3.52780320738986 0.99760131841089 -1.58815047389105 -0.687194968858052 0.708155428114145
-0.222202038924812 1.84994193096323 -1.49233729999499 -2.28539678272594 -0.888647150332544 1.94994427911442 0.355335853832913 -0.812269264898998 -0.0174709657148938 -0.975000969142144
-1.27145105855593 0.421444580860298 -0.971877349237543 -2.29750690172708 -1.07920756450916 3.19593127736172 1.07817234075227 -2.44916051697619 0.176164356792270 -0.762326409252744
-1.15056644848688 -0.218814571455494 -0.408035245530997 0.129872251927374 -0.423714046855558 1.16767666430385 3.13922368589376 -2.81232955902327 0.320141872778979 0.267508631435844
0.836356130971034 -0.613869277695135 -0.567094266055792 -1.5946896465543 -1.47894183772739 2.4769849027725 -0.174145603018200 -2.49123598538932 -0.568582361466358 -0.771416211044103
-0.417311222597502 1.55340795636523 -1.23705404195099 -1.61986219454808 -1.45785697480452 -0.500840794950395 2.42779916765293 -1.95079057511756 -1.05729918853148 -1.47622971570209
-0.510717268295911 1.70090258156523 -0.899294920269947 -1.71555835679089 0.089737216575246 0.881889460323849 1.24633457788167 -2.73489892935987 0.0430423699841466 -2.03819253976648
-0.514791859803322 1.54364850129033 0.327840470419196 -0.849807537689223 -0.844251069025664 5.66316610877509 0.489241037460982 -2.62021245723544 -0.340144888538128 -1.03343728812961
0.260792096386534 0.00407518751818592 0.535478390348341 0.190975327965412 -1.06647920578785 2.54912092368716 -0.245895885871350 -4.59751292066651 -0.0966739449651575 -1.51063361679094
-1.34938461478596 1.84377663872255 -0.322871484982530 -2.20880171519154 -4.15710069236668 1.93793739993898 1.72890833931751 -1.97659305044214 -0.518716832165105 1.15094088673381
-0.803823978285122 0.706183969983508 -1.08113492340342 -2.7159513358272 0.0371707772052541 1.70275661821217 2.46875091803508 -2.65996318996010 -0.535193264510822 -1.29109355117517
0.357900248910578 1.51358300042589 1.66638379918583 -0.832949224575057 -0.0387835834460049 2.44704026266012 1.07826706775015 -1.99585103148988 -0.124211974458951 -1.16671345173664
-0.238570798568686 1.72798819704292 -1.86251630464268 -1.98509195276528 -3.16933134560462 1.94416623783972 1.43163040072903 -1.35343644166271 0.933196765338288 -1.44991820866225
-0.749751679182036 1.31257914689913 0.106670826043365 -2.97556156165157 -1.03874659455357 2.16154662416758 0.624660457739344 -2.05005761155828 1.69897187475371 -2.09801653920192
-0.733827733393362 0.41640816828432 0.0395182704072528 1.39012998093868 -2.20220964886179 2.66071412703411 -0.117268050847492 -2.30953573257528 1.57708711796436 -2.76369070453096
-0.640298284956434 1.17736137796874 -1.10239106310250 0.358640712432324 1.17303874844572 5.50277701735473 -0.0761285060635042 -1.66348658656407 -0.515693032606213 -1.6141659405095
1.39219433941326 1.12890572896666 -1.91009381750534 -1.25879161915974 0.846345792228496 2.87620866928481 0.402132345161868 -2.1664743731664 -0.286884079896002 -3.64072203329901
-0.755055418261553 0.714461923445017 1.29383715893454 -3.30194066422258 0.86697490032181 1.94766119814097 1.10707865986586 -2.14583688619363 0.605239831358756 -1.23820523969351
-0.346051888136966 1.26073500817176 0.246832797032247 -0.37829499617825 -0.914383402119304 3.23082095547197 2.66995927890368 -2.40351717930782 0.365246271630784 -0.767667758872121
-1.61833786778493 2.22019938651326 0.54845020769757 -2.06920250973823 -0.289869075917134 3.56251218091959 0.414371291575374 -3.92664354410429 -0.276188715503644 -1.87605458659371
2.61009682352094 2.26027784490757 0.708887215627978 0.166061959952478 -1.92847813859192 2.87801324068915 1.97706713735256 -1.50820657614585 -0.948270645468608 0.708637099315438
0.654961725003708 0.507034069480696 -2.1222683920283 -1.0633420013566 -1.82928427586472 3.36367739988582 1.67680879801979 -1.69066100585627 -1.37968721252232 -1.33999085367729
-1.05517641707638 0.133628856237907 0.905638903596899 -3.08762181389350 -1.03192095308818 1.78201257179146 1.36559707420688 -4.26508885657583 0.0396227947372593 -1.97949895433033
0.611376734689647 0.727786082144728 0.0660552819115119 -0.182623275917551 -1.18703953584806 1.36268476206030 0.167965558544368 -3.56640347220595 -1.91571656099151 -2.89436807332393
0.534723826920438 1.08905236941763 -1.80955703503194 -1.85055396054510 -0.992727543192114 0.99365758643968 1.62081677398726 -1.24595415465470 0.709561409832175 -1.53107876522357
0.669657837465697 1.35674062253312 -1.74470590359905 -1.36025430891213 -0.596044710226139 1.46576976906188 1.59506538244858 -3.48324805976272 -0.905939755438228 -0.207981826392972
0.208024701633642 -0.466225160505348 -1.77874354411177 -0.370761665811332 -1.28337722568193 4.6282414783484 -1.58474481085603 -0.068789110672022 -0.616943080235452 -0.112504272611653
-0.0747850367827336 0.363435431308496 -0.567198300057378 -1.27798563216320 -0.683296723069121 2.37011290468137 2.11806415335795 -2.01123454302091 0.77672288400647 -0.854895553528422
-0.240899519896919 0.467788306322815 -0.782007756107501 -0.846016058002377 -1.63128338288994 2.54369725471028 -1.12938601422818 -3.23007230583689 0.597314904269832 -0.366158737625642
0.62784380588752 -1.00676410753522 0.0469825862661375 -0.930070860082522 -1.28950168284841 0.72310463539948 -0.757976849546866 -3.78988208341411 -0.309812230861366 -0.308514086617357
0.680649222236925 0.585191872051373 -0.455411306186819 -0.876114427163622 -1.57138769572516 3.86199201017286 0.462526763673404 -1.68931575841350 -0.236778232406497 0.0756262279644682
-0.938984099880127 -0.54265300745813 -0.283293390679488 -1.46958720499611 -3.04765376340684 1.73158273116784 0.224607441274109 -1.81777292663434 -0.879947057300063 -0.649415025728479
-1.37162684342377 0.640264476564018 -0.161893283141386 -1.36274227849138 -1.26414217115233 3.12994115618835 2.31399978430220 -1.76659520870056 -0.100657079890621 -1.51879695498791
-0.528505597275764 0.884809613745665 -1.64282149606176 -1.90327093719532 -0.518834639540184 2.82362285609627 3.17418868948747 -1.21962759610913 0.524702919855729 -2.26720725718002
-0.0635597017962688 0.937762256040974 1.07349928941131 -4.33232832289885 -1.71483988320076 2.16061125821187 2.56375725618802 -1.49726998280199 0.141884800891747 -2.39975429210713
-1.51958915715006 -0.0866578145849282 -0.741442445648296 0.0454736153602966 0.30218782168872 2.37912567127705 1.48058805893141 -2.10346227443111 0.205772738782937 -0.599243255106835
2.41746628084272 0.367204689296903 -0.621532898683375 -2.58624858961887 -1.13450029423629 3.70669606771747 2.05164646662895 -3.84862214075281 -0.333454309201966 -0.032588814259062
0.354922737012714 -0.86821703582845 0.942916849621253 -3.21878784564173 -1.62804808842764 2.14639258767455 -0.644712327619817 -4.84910356825747 0.128494659210402 -1.28152440863630
-0.164584472189904 0.303880884588218 -0.771157410917704 -0.95173427673232 -2.61715198191944 1.71028633807827 0.733625187989762 -1.04201048652448 -1.57869469325589 -0.921275451051758
-0.0589484849705793 2.66085075857939 -1.34726097674923 -2.67772999155463 -0.598242762147058 3.02458329351625 -0.433105654630864 0.212547794674480 -0.446603436471874 -1.65798505559068
-1.45357575358121 0.991762155490493 -0.330907068888407 -1.65421969347404 -0.576194430821926 2.34418710889743 0.811136295389886 -3.36212713464582 1.68436732833605 -0.255492165246601
-1.95854706085637 1.01715405935579 -1.82753010911515 -2.63506799757284 -1.60863049052716 3.71373563521670 1.13279744400006 -3.23723333641871 0.0172552610886555 -1.50218221616268
0.0725405013224342 -0.662077810633742 -1.34768154325591 1.39534592395568 -0.570474643633126 0.767997579366658 -1.49334397385481 -3.52452483030694 -0.158267792769667 -0.522188995575031
-0.130696592881722 -0.369016050374073 -1.30348604790402 -2.7803870808013 -2.31736037135138 3.27234029206031 0.233324258880166 -0.993336470684464 -0.628606888989994 -0.863874663201254
2.18754868007345 1.70107447111425 -0.243965017166035 -0.738418562563227 -1.51102581357007 2.98828796274136 -0.102751763071528 -0.674372172887039 0.321804161721283 -2.82031491105053
-0.524440718578313 2.62852869004517 -1.78035904492140 -1.76790398880312 -1.36776283013002 2.59177203915687 2.02138448370287 -1.40858899874634 -1.00313503099736 -1.76740278867158
1.26820193071822 -0.153439894758801 -1.84693709288055 -0.799527341129943 0.136570966959841 1.54051657004871 0.912643349780983 -2.32184087181918 0.0468447577419677 0.475931263887941
1.27879319619058 1.15383130331361 0.532395432350128 -1.35268648084436 -3.03106672767515 1.12731769280135 -0.0972901561660517 -3.92234174898335 -1.35787416942286 -2.21085344041646
0.153801606781561 -0.964853484427101 0.332702068024924 -0.903564059495915 -1.51736289107259 3.54823979221386 0.826774389635213 -1.80870687309752 1.57666594463826 -0.207600106842636
-1.57703101552400 0.809831081333343 -2.21817536506045 -1.40874582588532 0.00128014724697234 0.905241116892092 0.523829178701084 -4.15842890692915 0.767002655747387 -2.10894433058454
-1.60958073042978 2.06029311414862 -0.221553430975104 -0.273717708480872 -0.643576935246268 2.33578290041561 0.0259345536912967 -0.883025392228089 -0.663340603790522 -1.75246223156531
-2.07134899776293 -0.25222680738293 -0.483969951341018 -0.779375415180421 -2.20096956793130 3.17592447376155 1.43998580013716 -2.14181548542991 -1.35030590093302 -1.96262015958548
0.593427824898951 -0.505004532854537 -0.197600248410794 0.32195924320744 -0.134664014009381 2.55750274870351 -0.590169935713438 -3.1491676547824 -0.434005249176539 -2.30939119147661
0.449144063142257 -1.45112763733678 -1.75161341720268 -0.784839141997109 -1.36766790719673 1.72782923505865 0.727813519707962 -1.90391829361518 -0.392334859758466 -0.367930049106023
-1.23966142972468 0.98170284154255 -1.05408618041952 -0.363796911454527 -0.0693438978531267 3.00579042749825 0.75000197090815 -2.40599067705477 -1.35633443171587 -0.643575241284004
-0.0421501593108907 0.8757237382834 0.502596416884035 -1.11692124076220 -0.436972818587163 3.36037853831767 1.16246759876760 -2.7090311335141 -1.14489532613071 -1.49512407177934
1.21766807927626 0.541596274110444 -0.996691464578836 -0.0108638479489604 -1.04883762816183 1.41836091141808 1.76863685744617 -2.49756564180791 -2.26130139568499 -0.95786083620169
-0.0392463756131952 2.11578038545762 -0.122776677660919 -2.32124453665266 -1.09370591690780 2.37244889975871 1.09828143916064 -0.964320146424688 -1.41948250123661 -2.36335897502687
0.925133855855742 -0.264423046674509 -0.778037406860005 -1.24205741513180 -0.715423916889634 4.30822495758629 2.01927496819126 -2.01310700146378 0.877988353669658 -0.695211921184831
-1.38267523921106 -0.422091296068715 0.602409744352717 -1.75249682046519 -1.03477114883056 2.30458823161985 -0.211111948139095 -1.40795611916454 0.53357044150265 -1.07159036783574
-0.763260207032397 1.59657277572618 -0.212933444488187 -0.675798167100856 -0.400830632782408 3.24545128144297 -0.791729423430902 -0.949767015701253 -0.437008736222638 0.36858580223944
-1.13826825493404 1.63834856159766 -0.994891712639679 -0.663825606249291 0.0241761616050009 1.10632205225743 1.99430429496879 -1.30141421355120 -1.83278429312669 -0.232119229411419
0.340900111297118 1.08911969353982 0.203141798464967 -0.407160843613728 -1.1340528632877 1.72197354231701 1.50021180390851 -1.53635536268628 -0.719035452634206 -1.73506409782804
0.87909427087415 -2.07597349207513 -0.775002173090346 -1.21004936536703 -1.7913843470424 1.15576196073755 0.928568290746258 -2.19579663987185 -0.284043709423427 -1.53750221071140
-0.876095519598143 -0.0524900537577133 -0.57281119351535 -1.55791171679893 -3.51798420775294 1.45060468792447 0.708939435860348 -3.26158811425787 -1.13192867741242 -2.14209963341653
-0.61878919639215 0.209601799181656 -0.25151341583877 -0.510389232099304 -0.434785367515408 2.30544131801196 1.90506407763796 -0.395853102083008 -0.0383264138810881 -0.382056704833328
-1.07456428153958 1.02028505296797 -0.290851946568195 0.0291515451260358 -1.18106633038048 1.44839591138086 0.759612628789984 -3.92117309791773 -0.224283228420112 -1.88697465128811
-0.279317659356951 -1.75104540785996 -1.68694335024848 -0.333367754292962 -1.72472383183808 4.69536426131018 0.706077286372424 -0.119460884901555 1.08809779863156 -2.59496061560203
1.09197801745909 0.986374340435615 -0.6930258206995 -2.37499906457985 0.32435827334691 2.88152038636722 1.27103610198410 0.487219160922897 -0.449987232489524 -2.2123958661391
-1.87494149254879 1.18737341309951 -0.882772217330278 -2.24376706063452 -1.67367374116839 4.88959981233314 0.431937713642803 -2.47411706434348 -0.347013091973178 -0.0564125953794772
-0.517915061877037 0.600143698854309 -0.0921048090494264 -1.65713564213195 -2.79724659667736 1.31769973294089 0.571338300466366 -0.448367059031116 0.0583012829781824 -0.344569289967522
-0.635263138600142 1.37302473199186 0.406665801556984 -2.95225044540268 -1.06872283324096 1.12701104413448 0.806430326903067 -2.63254826754827 0.0634799309824802 -1.29686055491505
1.11991319308003 1.20421135711544 -0.359318845521688 -2.11169783747303 -1.25198566362362 2.11095910298826 0.903464182363453 -1.82851811065042 -1.81234060873511 -1.24528531235078
0.148322988911379 0.0841951783098773 -1.55602946494537 0.156593584755945 -1.25200861414246 2.38348199917535 -0.390953053601409 -0.0552248443721894 -0.273749712888041 -1.93543202701152
0.416614577668567 0.992511568097695 -2.12652872835568 -1.93441541785197 -1.95222649379571 2.43474455421277 0.850156143099769 -2.93437030253066 -0.0170174972956204 -1.75295627125607
-0.569001417208021 1.21815813609145 -0.776719874191793 -2.85348537134721 -0.135093270761497 2.28038972150022 1.67120559128621 -1.24600606057641 0.271523467371885 -1.94972985403050
-1.37875203329510 1.98470498414858 -0.575889573784329 -0.6696145353201 -1.82124551033539 1.05964535867223 1.36780705874447 -1.39962241784830 0.830525936381264 -0.949599111076114
0.311173452361231 -1.73731428038648 -0.640729543099577 -2.61962061498751 -1.71297744300161 2.60257151534855 -0.105885224754157 -1.99097227973198 -0.5855387304249 -0.585107426516507
-1.99051104458558 1.43734963714133 -2.52999540113960 -1.84918679946323 -2.92091922062459 3.18185159949026 0.21904256294341 -2.83741711852853 0.189935415601274 -0.945830373113411
1.50393316833467 0.709871501819895 -0.162866678474086 -1.96990353724934 -1.82657639091337 2.58867858156136 -0.950612793349466 -2.20577352361027 0.398207308145274 -3.51128778285335
-1.07574938128247 2.30273101373959 -0.427849743176148 -0.920684361426409 -0.672903333299437 1.76030426882093 0.319778432647532 -2.61675857778624 1.12835623104447 -1.78930213853226
-0.527211555584689 0.185377029506697 -1.47789952259038 -0.413291216594648 0.0635963018625885 2.75133396886348 2.61294479868231 -3.71567932302743 -0.117578792594226 -2.74156210285282
1.20062191837656 1.79212777040733 -1.70761769359080 -2.2274304896462 1.60925304998099 2.23779294778581 0.810203370821368 -3.71328322182493 -0.831172928686108 -0.614901566989118
-0.869962216186662 -0.579310535661611 -0.52844522713058 -0.925492247587228 -0.98764039634951 1.88389196057678 2.46058166615765 -1.46224498736159 1.10703371443606 0.157878177838280
0.478749724350208 0.243598017553272 -1.32405618051977 0.0109230629790307 -0.080595754644566 3.07738114590842 3.35927445679639 -2.29334316693011 -0.315564703711196 -0.928090760365573
